default:00 00 00 00 00 00 00 00 00 00 00 00 00 00 00 00 00 00 00 00
default:00 00 00 00 00 00 00 00 00 00 00 00 00 00 00 00 00 00 00 00
default:00 00 00 00 00 00 00 00 00 00 00 00 00 00 00 00 00 00 00 00
default:00 00 00 00 00 00 00 00 00 00 00 00 00 00 00 00 00 00 00 00
default:00 00 00 00 00 00 00 00 00 00 00 00 00 00 00 00 00 00 00 00
default:00 00 00 00 00 00 00 00 00 00 00 00 00 00 00 00 00 00 00 00
default:00 00 00 00 00 00 00 00 00 00 00 00 00 00 00 00 00 00 00 00
default:00 00 00 00 00 00 00 00 00 00 00 00 00 00 00 00 00 00 00 00
default:00 00 00 00 00 00 00 00 00 00 00 00 00 00 00 00 00 00 00 00
default:00 00 00 00 00 00 00 00 00 00 00 00 00 00 00 00 00 00 00 00
default:00 00 00 00 00 00 00 00 00 00 00 00 00 00 00 00 00 00 00 00
default:00 00 00 00 00 00 00 00 00 00 00 00 00 00 00 00 00 00 00 00
default:00 00 00 00 00 00 00 00 00 00 00 00 00 00 00 00 00 00 00 00
default:00 00 00 00 00 00 00 00 00 00 00 00 00 00 00 00 00 00 00 00
default:00 00 00 00 00 00 00 00 00 00 00 00 00 00 00 00 00 00 00 00
default:00 00 00 00 00 00 00 00 00 00 00 00 00 00 00 00 00 00 00 00
default:00 00 00 00 00 00 00 00 00 00 00 00 00 00 00 00 00 00 00 00
default:00 00 00 00 00 00 00 00 00 00 00 00 00 00 00 00 00 00 00 00
default:00 00 00 00 00 00 00 00 00 00 00 00 00 00 00 00 00 00 00 00
default:00 00 00 00 00 00 00 00 00 00 00 00 00 00 00 00 00 00 00 00
default:00 00 00 00 00 00 00 00 00 00 00 00 00 00 00 00 00 00 00 00
default:00 00 00 00 00 00 00 00 00 00 00 00 00 00 00 00 00 00 00 00
default:00 00 00 00 00 00 00 00 00 00 00 00 00 00 00 00 00 00 00 00
default:00 00 00 00 00 00 00 00 00 00 00 00 00 00 00 00 00 00 00 00
